     0/399    0.392G    0.1066    0.1211         0    0.2277       225      1280   0.01767   0.01669  0.001268 0.0003222    0.1397    0.1756         0
     1/399    0.315G    0.1045    0.1313         0    0.2358       325       928   0.02655   0.03339  0.002363 0.0003871    0.1375    0.1794         0
     2/399    0.541G    0.1006   0.08118         0    0.1818       186      1344   0.02889   0.06678  0.003689 0.0005329    0.1351    0.1874         0
     3/399    0.596G   0.09463   0.08029         0    0.1749       268      1536   0.04839    0.1002  0.007427  0.001222    0.1335    0.1938         0
     4/399     0.52G   0.09166   0.09028         0    0.1819       450       704   0.06309    0.1119   0.01197   0.00192    0.1322    0.2013         0
     5/399    0.344G   0.09197    0.1187         0    0.2106       458       960   0.08249    0.1336   0.01896   0.00317    0.1301    0.2112         0
     6/399    0.428G   0.08682   0.09428         0    0.1811       129       768    0.1184    0.2771   0.04973  0.008133    0.1268    0.2173         0
     7/399    0.201G   0.08449   0.08826         0    0.1728       130       512    0.1845    0.2487   0.07783   0.01333    0.1245    0.2206         0
     8/399    0.487G   0.08483   0.09633         0    0.1812       258      1408    0.1994    0.2487   0.09018   0.01519    0.1236    0.2256         0
     9/399    0.373G   0.08642   0.09936         0    0.1858       511       832    0.2189    0.2854    0.1002   0.01761    0.1217    0.2271         0
    10/399    0.363G   0.07931   0.08909         0    0.1684       358       896    0.2112    0.3038    0.1124   0.02034    0.1196    0.2326         0
    11/399    0.747G    0.0824    0.1143         0    0.1967       116       832    0.2069    0.3606     0.125   0.02159    0.1182    0.2398         0
    12/399     4.31G   0.07495   0.09373         0    0.1687       365       768     0.268    0.3372     0.187    0.0344    0.1168    0.2382         0
    13/399    0.216G    0.0757    0.1069         0    0.1826       119       576     0.298    0.3506    0.2033   0.03673    0.1165     0.241         0
    14/399    0.581G   0.07101   0.08255         0    0.1536       108      1504    0.1595    0.3439   0.07686   0.01443    0.1197    0.2374         0
    15/399    0.526G   0.07596     0.104         0    0.1799       142      1152    0.2677    0.3556     0.175   0.03655    0.1158    0.2512         0
    16/399    0.361G   0.07206   0.08535         0    0.1574       425       672     0.329    0.4641     0.283   0.06108    0.1135    0.2571         0
    17/399    0.398G   0.07263   0.09501         0    0.1676       206      1088    0.3356     0.382    0.2478    0.0526    0.1145     0.255         0
    18/399    0.302G   0.07354    0.1032         0    0.1767       493       736    0.2831    0.4474    0.2327    0.0544     0.116    0.2529         0
    19/399     3.49G   0.07153   0.09843         0      0.17       110      1088     0.427    0.4791    0.3648   0.09296    0.1091    0.2711         0
    20/399     3.49G   0.07316     0.109         0    0.1822        78       832     0.377    0.4636    0.2982   0.06829    0.1095    0.2774         0
    21/399     3.63G   0.07074     0.115         0    0.1857       722       576    0.4838    0.4554    0.3955    0.1035    0.1079    0.2853         0
    22/399     3.63G   0.07083    0.1093         0    0.1801       162       736     0.486    0.3788    0.3369   0.08203    0.1112    0.2796         0
    23/399    0.373G   0.06847    0.1019         0    0.1704       448      1056    0.4619    0.4686    0.3789    0.1022    0.1108    0.2752         0
    24/399    0.363G   0.07162    0.1099         0    0.1815       278       992    0.4563    0.4224    0.3616   0.09493    0.1066    0.2836         0
    25/399    0.275G    0.0695     0.126         0    0.1955       262       544    0.3502    0.4908    0.3505   0.09694    0.1048    0.2935         0
    26/399    0.344G   0.06472    0.1059         0    0.1706        62       864    0.4708    0.4516    0.4091    0.1083    0.1043     0.286         0
    27/399      4.7G   0.06706    0.1412         0    0.2083       289       928    0.4124     0.424    0.3543   0.08906    0.1077     0.285         0
    28/399    0.558G   0.06323    0.1404         0    0.2036       316      1440    0.4223    0.5309    0.3739   0.09384    0.1032    0.3319         0
    29/399     3.79G   0.06156    0.1601         0    0.2217       407       768    0.4034    0.5209     0.336   0.07505    0.1023    0.3084         0
    30/399     3.79G   0.05951    0.1201         0    0.1796        77      1536    0.4458    0.5292    0.4006    0.1099    0.1058    0.3106         0
    31/399    0.292G   0.06846    0.1041         0    0.1726       131       640    0.4952    0.5476    0.4504    0.1101    0.1043    0.3139         0
    32/399     4.12G   0.06891    0.1065         0    0.1754       635       736    0.3943    0.4124     0.327   0.07502    0.1088    0.3234         0
    33/399     4.13G   0.07476   0.09509         0    0.1698       252      1536    0.1753    0.3038    0.1048   0.02234    0.1142    0.3095         0
    34/399    0.558G   0.07914    0.1782         0    0.2573       493      1376    0.2282    0.3723    0.1763   0.03525    0.1089    0.3423         0
    35/399     4.32G   0.07213    0.1613         0    0.2335       778      1056    0.3036    0.5376    0.2599   0.05765    0.1047     0.349         0
    36/399    0.281G   0.07261      0.15         0    0.2226       193       800    0.5423    0.4558    0.4236    0.1093    0.1042    0.3832         0
    37/399     4.05G   0.06655    0.1341         0    0.2006       235       928    0.4469    0.5787    0.3605    0.0944   0.09747    0.3859         0
    38/399     4.51G   0.06682     0.138         0    0.2048       559      1536     0.567    0.4372     0.444    0.1112    0.1008    0.3861         0
    39/399     4.51G   0.06771    0.1346         0    0.2023       272      1280     0.404    0.5876    0.3122   0.07475   0.09586    0.4011         0
    40/399    0.442G   0.06527    0.1227         0     0.188       569      1248    0.2878    0.4407    0.2028   0.04771    0.1029    0.3801         0
    41/399     0.48G   0.06521    0.1391         0    0.2043       164      1312    0.4097    0.4674    0.3298   0.07577   0.09546    0.4054         0
    42/399     4.01G   0.06211    0.1432         0    0.2053       166       832    0.4671     0.571    0.3917   0.09905    0.0924    0.3924         0
    43/399     4.48G   0.06191    0.1518         0    0.2137       326       832    0.2915    0.5008    0.2101   0.04594   0.09963    0.3524         0
    44/399     4.48G    0.0682     0.148         0    0.2162       303       640    0.4875    0.4621    0.3583   0.07883   0.09457     0.415         0
    45/399    0.568G   0.06152    0.1304         0    0.1919       128      1472    0.5165    0.5459    0.4477     0.115    0.0939    0.4122         0
    46/399     2.69G   0.06174    0.1861         0    0.2478       266       640    0.5057    0.5209    0.4324     0.113   0.09258    0.4121         0
    47/399     3.27G   0.06217    0.1852         0    0.2473       345       992    0.3825    0.4691     0.284    0.0581   0.09476    0.3718         0
    48/399    0.428G   0.06368    0.1701         0    0.2338        96       608    0.3429    0.5075     0.272   0.06561    0.0933    0.3647         0
    49/399     3.77G   0.06059    0.1799         0    0.2405       457       960    0.4159    0.4391    0.3556    0.0892   0.09455    0.3553         0
    50/399    0.396G   0.06534    0.1326         0     0.198       168      1184    0.4762    0.4908    0.4035    0.1081   0.09278    0.3715         0
    51/399     3.76G   0.06058    0.1778         0    0.2383       118      1312    0.4302    0.3806    0.3155   0.07914   0.09278    0.3746         0
    52/399    0.426G   0.05724     0.174         0    0.2312        89      1120    0.4511     0.621    0.4445    0.1242   0.08861    0.3707         0
    53/399      3.9G   0.05853     0.189         0    0.2475       691       768    0.4742    0.5856    0.4379    0.1228   0.08947    0.3706         0
    54/399      3.9G   0.05656     0.128         0    0.1846       137      1376    0.5239    0.5843    0.4771    0.1268   0.08951      0.36         0
    55/399      3.9G   0.05619    0.1906         0    0.2468       262       608    0.5028    0.6361    0.4579    0.1231   0.08795    0.3606         0
    56/399     4.37G   0.05357    0.1677         0    0.2213       588       768     0.487    0.6672    0.4662    0.1254     0.085    0.3577         0
    57/399     4.37G   0.05331    0.1816         0    0.2349       522       576    0.5951    0.5373    0.4905    0.1437   0.08605    0.3598         0
    58/399     4.38G   0.05121    0.1343         0    0.1855       106      1536    0.6184    0.5943    0.5566    0.1726   0.08626    0.3595         0
    59/399     4.38G   0.05127     0.145         0    0.1963       111       896    0.5966    0.6025    0.5609    0.1701   0.08604    0.3615         0
    60/399     4.38G   0.05081    0.1436         0    0.1944       247      1120     0.596    0.6027    0.5488    0.1611   0.08558    0.3645         0
    61/399     4.38G   0.05103    0.1703         0    0.2213       276      1408    0.5799    0.6528    0.5601    0.1625   0.08461    0.3656         0
    62/399     4.38G   0.05124    0.1463         0    0.1976       487      1184    0.6311    0.6198    0.5698    0.1648   0.08431    0.3671         0
    63/399     4.38G   0.05279    0.1416         0    0.1943       118       768    0.6035    0.6661     0.573    0.1638   0.08439    0.3686         0
    64/399     4.38G   0.05078    0.1811         0    0.2319       260       928    0.5636    0.6494    0.5545    0.1569   0.08344    0.3813         0
    65/399     4.38G   0.05405    0.1219         0    0.1759       325      1408    0.5031    0.5326    0.4718    0.1451   0.09423    0.3704         0
    66/399     4.38G   0.06315    0.1545         0    0.2177       385      1312     0.381    0.5125    0.2867   0.05945   0.08904    0.4072         0
    67/399     4.38G   0.06128    0.1992         0    0.2605       333      1152     0.341     0.581    0.2589   0.06273   0.09336    0.4663         0
    68/399     4.38G   0.06592    0.2206         0    0.2865       461       512    0.2906    0.4624    0.2561   0.05386   0.08665    0.4265         0
    69/399     4.38G   0.06007    0.2071         0    0.2672        56      1440    0.2906    0.4624    0.2561   0.05386   0.08665    0.4265         0
    70/399     4.38G   0.05747    0.1779         0    0.2353       125       544     0.637     0.576    0.5544    0.1622   0.08304    0.4043         0
    71/399     4.38G   0.05392    0.1235         0    0.1774       296      1184    0.5377    0.6344    0.4849    0.1273   0.08294    0.4082         0
    72/399     4.38G   0.05528    0.1685         0    0.2238        85       704    0.3998    0.5476    0.3269    0.0864   0.08404    0.4277         0
    73/399    0.466G   0.05618    0.1966         0    0.2528       126      1216    0.3565    0.6227    0.3294   0.07638   0.08001    0.4986         0
    74/399     3.51G   0.05379     0.213         0    0.2668       233       736    0.3565    0.6227    0.3294   0.07638   0.08001    0.4986         0
    75/399    0.665G   0.05478    0.1726         0    0.2274        66      1024    0.3784    0.5884    0.3476   0.07725   0.08196    0.4998         0
    76/399     4.02G   0.05405    0.2033         0    0.2574       369      1120    0.4114    0.5843    0.3648   0.09945    0.0839    0.4459         0
    77/399     4.49G   0.05206    0.1671         0    0.2191        94       608    0.5906    0.5927    0.5097    0.1304     0.085     0.418         0
    78/399     4.49G   0.05261    0.1341         0    0.1867       167      1472     0.441    0.6243    0.3965    0.1044   0.08581    0.4124         0
    79/399     4.49G   0.05241    0.1791         0    0.2315       142      1504     0.441    0.6243    0.3965    0.1044   0.08581    0.4122         0
    80/399     4.49G   0.05335    0.1966         0      0.25       161       896     0.397    0.6244     0.421    0.1063   0.08789    0.4018         0
    81/399     4.49G   0.05345    0.1866         0      0.24       436      1056    0.5039    0.5993    0.5257    0.1547   0.08546    0.4048         0
    82/399     4.49G   0.05337    0.2053         0    0.2587       148       672      0.42    0.5573    0.3649   0.08662   0.08819    0.4012         0
    83/399     4.49G   0.05648    0.1858         0    0.2423       145       992    0.5205    0.4992    0.4335    0.1356   0.09169    0.3898         0
    84/399     4.49G   0.05944    0.2158         0    0.2752       259      1472      0.42    0.5526    0.3457   0.08572   0.09079    0.3953         0
    85/399     4.49G   0.05794     0.186         0    0.2439       407      1376      0.42    0.5526    0.3457   0.08572   0.09079    0.3953         0
    86/399     4.49G   0.05834    0.1656         0    0.2239       438      1536    0.4168    0.5119    0.3105   0.07701   0.09187    0.3919         0
    87/399     4.49G    0.0531    0.1709         0     0.224       295       832    0.6644    0.5255    0.5616    0.1812   0.08992    0.3896         0
    88/399     4.49G   0.05159    0.1993         0    0.2509       146       704    0.5529    0.5927    0.5165    0.1614   0.08901    0.3891         0
    89/399     4.49G   0.05143     0.173         0    0.2244       301       576    0.6326    0.6043    0.5997    0.1668   0.08802    0.3856         0
    90/399     4.49G   0.05606     0.185         0    0.2411       219      1216    0.6326    0.6043    0.5997    0.1668   0.08802    0.3856         0
    91/399     4.49G   0.05379    0.1602         0     0.214       429      1088    0.5967    0.5559    0.5431    0.1415    0.0881    0.3864         0
    92/399     4.49G   0.05574    0.1969         0    0.2527       490       544    0.6245    0.5469    0.5466    0.1478   0.08716    0.3895         0
    93/399     4.49G   0.05087     0.155         0    0.2059       310      1472    0.6167    0.6528    0.5944    0.1918    0.0833    0.4001         0
    94/399     4.49G   0.04983    0.1897         0    0.2396       144      1280    0.5789    0.6609    0.5651    0.1814   0.08413    0.4028         0
    95/399     4.49G   0.05187     0.222         0    0.2739       163      1024    0.5789    0.6609    0.5651    0.1814   0.08413    0.4028         0
    96/399     4.49G    0.0539     0.176         0    0.2299       226       640    0.5285      0.64    0.5107    0.1529    0.0865     0.401         0
    97/399     4.59G   0.05247    0.1725         0     0.225       354       992    0.6577    0.5876    0.5824    0.1765   0.08489    0.4024         0
    98/399     4.59G   0.05129    0.2128         0    0.2641        73      1120    0.6678     0.631    0.5942    0.1769   0.08318    0.4073         0
    99/399     4.59G   0.04899    0.1277         0    0.1767        65       896    0.7155    0.6444    0.6464    0.2049   0.08172    0.4044         0
   100/399     4.59G   0.04829    0.1695         0    0.2178       261      1024    0.7207    0.6945     0.681    0.2241   0.08064    0.4055         0
   101/399     4.59G   0.04651    0.1673         0    0.2138       170       896    0.7207    0.6945     0.681    0.2241   0.08064    0.4055         0
   102/399     4.59G   0.04913     0.184         0    0.2331       126      1280    0.7255    0.6945     0.692    0.2293   0.08078    0.4069         0
   103/399     4.59G   0.04791    0.1546         0    0.2025       269       960    0.6873    0.6761    0.6578    0.2215   0.08101    0.4071         0
   104/399     4.59G   0.04679    0.1587         0    0.2055       287       704    0.6426    0.6843    0.6158    0.2001   0.08149    0.4109         0
   105/399     4.59G   0.04779    0.1898         0    0.2376       395       928    0.7104    0.6961    0.6814    0.2432   0.08068    0.4044         0
   106/399     4.59G   0.04802    0.1564         0    0.2044       304      1472    0.7104    0.6961    0.6814    0.2432   0.08068    0.4045         0
   107/399     4.59G   0.04948    0.1862         0    0.2357       515       704     0.702    0.6843    0.6803     0.233    0.0812    0.4063         0
   108/399     4.59G   0.04997    0.2331         0    0.2831       316       576    0.7006    0.6408    0.6612    0.2177   0.08287    0.4107         0
   109/399     4.59G   0.04787     0.158         0    0.2059       120       640    0.7079    0.6761    0.6978     0.258   0.08075    0.4134         0
   110/399     4.59G   0.05016    0.1841         0    0.2342       316       672    0.6513    0.6077    0.5948    0.1768   0.08424    0.4301         0
   111/399     4.59G   0.05192    0.1222         0    0.1741       234      1152    0.6513    0.6077    0.5948    0.1768   0.08424    0.4302         0
   112/399     4.59G   0.05337    0.1937         0    0.2471       110      1184    0.5272    0.5609    0.4723    0.1195   0.08699    0.4379         0
   113/399     4.59G   0.05056    0.1581         0    0.2086        56      1248    0.6767    0.6377    0.6218    0.2049   0.08282    0.4371         0
   114/399     4.59G    0.0458    0.1261         0    0.1719       222       576     0.718    0.6427    0.6428    0.2477   0.08105    0.4382         0
   115/399     4.59G   0.04511    0.2094         0    0.2545       222      1088    0.6771    0.6561    0.6098    0.2066   0.08233    0.4473         0
   116/399     4.59G   0.04579    0.1816         0    0.2274        46      1184    0.7259    0.7045    0.7051    0.2414   0.08156    0.4459         0
   117/399     4.59G   0.05353    0.1899         0    0.2434       234       864    0.7259    0.7045    0.7051    0.2414   0.08156     0.446         0
   118/399     4.59G   0.05039    0.1815         0    0.2319       165      1184    0.7285    0.6811    0.6944    0.2298   0.08226    0.4522         0
   119/399     4.59G    0.0536    0.2404         0     0.294       168       864    0.6768    0.6811    0.6724    0.2446   0.08074    0.4587         0
   120/399     4.59G   0.04755    0.1411         0    0.1887       405       896    0.7225    0.6628    0.6744    0.2467   0.08002    0.4555         0
   121/399     4.59G   0.04505    0.1419         0     0.187       356      1184    0.7161     0.699    0.6846     0.237   0.07939    0.4429         0
   122/399     4.59G   0.04504    0.1149         0    0.1599       196      1312    0.7161     0.699    0.6846     0.237   0.07939    0.4429         0
   123/399     4.59G   0.04576    0.1637         0    0.2094       430      1472    0.6974    0.6811    0.6591    0.2212   0.07971    0.4428         0
   124/399     4.59G   0.04654    0.2017         0    0.2482       181       512    0.7004    0.7143    0.6809    0.2255   0.07891    0.4424         0
   125/399     4.59G   0.04536    0.1724         0    0.2177       261      1184    0.7098    0.7295    0.7023    0.2378   0.07851    0.4416         0
   126/399     4.59G   0.04558    0.1483         0    0.1939        65      1344    0.7397    0.7129    0.6989    0.2461   0.07759    0.4405         0
   127/399     4.59G   0.04712    0.1745         0    0.2216        35      1120    0.7397    0.7129    0.6989    0.2461   0.07759    0.4404         0
   128/399     4.59G   0.04594    0.1597         0    0.2056        55      1088    0.7431    0.7162    0.7084    0.2495   0.07755     0.439         0
   129/399     4.59G   0.04661    0.1277         0    0.1743        50       960    0.7514    0.6811    0.6909    0.2352   0.07775    0.4427         0
   130/399     4.59G   0.04537    0.2227         0    0.2681       620       608    0.7556    0.6554    0.6787    0.2284   0.07818    0.4414         0
   131/399     4.59G    0.0468    0.2218         0    0.2686       385       896    0.6565    0.6361    0.5842    0.1863   0.07999     0.446         0
   132/399     4.59G    0.0457    0.1739         0    0.2196       155      1152    0.7524    0.6544    0.6491    0.2089   0.07803    0.4508         0
   133/399     4.59G   0.05055    0.1848         0    0.2354       170       608    0.7524    0.6544    0.6491    0.2089   0.07803    0.4508         0
   134/399     4.59G   0.05055    0.1706         0    0.2211       281       896    0.6472    0.6811    0.6339    0.1965   0.07863    0.4586         0
   135/399     4.59G   0.05064    0.2032         0    0.2538       330       992    0.6555    0.7019    0.6849    0.2282   0.07785     0.465         0
   136/399     4.59G    0.0471    0.1358         0    0.1829       184      1504    0.6662    0.6665    0.6548    0.2297   0.07793    0.4626         0
   137/399     4.59G   0.04527    0.1674         0    0.2126       625      1248    0.7571    0.7078    0.6992    0.2373   0.07733    0.4476         0
   138/399     4.59G    0.0436    0.1543         0    0.1979       221       800    0.7571    0.7078    0.6992    0.2373   0.07733    0.4475         0
   139/399     4.59G   0.04375    0.1675         0    0.2113       215      1472    0.7422    0.6878    0.6488    0.2102    0.0786    0.4419         0
   140/399     4.59G   0.04567    0.1648         0    0.2105        78       576    0.7398    0.6692    0.6518    0.2113   0.07822    0.4374         0
   141/399     4.59G   0.04508    0.1777         0    0.2228       276       576    0.7719    0.7061    0.6948    0.2424   0.07602    0.4351         0
   142/399     4.59G   0.04358    0.1606         0    0.2042        54       512    0.7741    0.7045    0.6893     0.234   0.07623    0.4383         0
   143/399     4.59G   0.04541    0.1792         0    0.2247        30      1536    0.7741    0.7045    0.6893     0.234   0.07623    0.4384         0
   144/399     4.59G   0.04644    0.1341         0    0.1806        76       928    0.7615    0.7144    0.6964    0.2325   0.07668    0.4403         0
   145/399     4.59G   0.04538     0.173         0    0.2183       196       992    0.7535    0.7045    0.6828    0.2311    0.0766    0.4437         0
   146/399     4.59G   0.04376    0.1931         0    0.2368       181      1248    0.7595    0.6591    0.6636    0.2268   0.07696    0.4473         0
   147/399     4.59G   0.04472    0.1434         0    0.1881       128      1344    0.7003    0.6611    0.6171    0.2109   0.07796    0.4511         0
   148/399     4.59G   0.04638    0.1906         0    0.2369       177      1504    0.7369    0.7061    0.6824    0.2432   0.07626    0.4515         0
   149/399     4.59G    0.0442    0.1322         0    0.1764        74      1504    0.7369    0.7061    0.6824    0.2432   0.07626    0.4515         0
   150/399     4.59G   0.04419    0.1628         0     0.207       369       800     0.735    0.7223    0.6871    0.2449   0.07636    0.4562         0
   151/399     4.59G   0.04533    0.1819         0    0.2273        81      1504    0.7229    0.6711     0.653    0.2305   0.07777     0.467         0
   152/399     4.59G    0.0428    0.1561         0    0.1989       224       672    0.7252    0.6845    0.6621    0.2347   0.07697    0.4702         0
   153/399     4.59G   0.04192    0.1506         0    0.1925       144       512    0.7404    0.6809     0.675     0.228   0.07652    0.4738         0
   154/399     4.59G   0.04462    0.1624         0     0.207       403       832    0.7404    0.6809     0.675     0.228   0.07652    0.4739         0
   155/399     4.59G   0.04356     0.128         0    0.1715       102      1120    0.7165    0.6878    0.6714    0.2192    0.0764    0.4743         0
   156/399     4.59G   0.04381    0.1481         0    0.1919       339      1408    0.7301    0.6778    0.6573    0.2216   0.07592    0.4742         0
   157/399     4.59G   0.04449    0.1705         0     0.215       126      1408    0.6753    0.6912    0.6301    0.1992   0.07703    0.4749         0
   158/399     4.59G   0.04394    0.1896         0    0.2335       295       640     0.757    0.7129    0.6995    0.2443   0.07464    0.4683         0
   159/399     4.59G   0.04312    0.1275         0    0.1706       278      1184     0.757    0.7129    0.6995    0.2443   0.07464    0.4683         0
   160/399     4.59G   0.04508    0.1407         0    0.1858        63       896    0.7678    0.7177    0.7129    0.2442   0.07488    0.4667         0
   161/399     4.59G   0.04424    0.1497         0    0.1939       221      1056    0.7471    0.7262    0.7134    0.2508   0.07495    0.4739         0
   162/399     4.59G   0.04522    0.1387         0    0.1839       336      1504    0.7288    0.6954    0.6777    0.2253   0.07629    0.4801         0
   163/399     4.59G   0.04244    0.1327         0    0.1751       206      1152    0.6753     0.691    0.6405     0.208   0.07633    0.4764         0
   164/399     4.59G   0.04343    0.1649         0    0.2083       121       544     0.714     0.721    0.6863    0.2287   0.07464    0.4743         0
   165/399     4.59G   0.04355    0.1524         0     0.196       200      1280     0.714     0.721    0.6863    0.2287   0.07464    0.4743         0
   166/399     4.59G   0.04148    0.1626         0    0.2041       192       672    0.7047    0.7262    0.6901    0.2235   0.07474    0.4754         0
   167/399     4.59G   0.04432    0.1691         0    0.2134       420       832    0.7052    0.7245     0.681    0.2237   0.07486    0.4766         0
   168/399     4.59G   0.04242    0.1755         0    0.2179        56      1216    0.6762     0.666    0.6175    0.1941   0.07653     0.482         0
   169/399     4.59G   0.04176    0.1599         0    0.2017       118       768    0.7307    0.7262    0.6939    0.2406   0.07457    0.4836         0
   170/399     4.59G   0.04256    0.1596         0    0.2022        56       576    0.7307    0.7262    0.6939    0.2406   0.07457    0.4836         0
   171/399     4.59G   0.04267    0.1717         0    0.2144       259      1376    0.7298    0.7438    0.7106    0.2429   0.07483     0.488         0
   172/399     4.59G   0.04326    0.1514         0    0.1946       242       544    0.7424    0.7396     0.719    0.2529   0.07483    0.4929         0
   173/399     4.59G    0.0437     0.171         0    0.2147       212       768    0.7444    0.7243    0.7142    0.2541   0.07481    0.4959         0
   174/399     4.59G   0.04262    0.1467         0    0.1894       335       992    0.7741    0.6809    0.6945    0.2463   0.07484    0.4884         0
   175/399     4.59G   0.04172    0.1597         0    0.2014       172       640    0.7741    0.6809    0.6945    0.2463   0.07484    0.4883         0
   176/399     4.59G   0.04221    0.1521         0    0.1943       428      1408    0.7527     0.681    0.6682     0.237   0.07492    0.4846         0
   177/399     4.59G   0.04216    0.1697         0    0.2119        64      1536    0.7423    0.6778    0.6562    0.2321   0.07498    0.4854         0
   178/399     4.59G   0.04573    0.1315         0    0.1773       122      1472    0.7737    0.6793    0.6789    0.2394   0.07462    0.4876         0
   179/399     4.59G   0.04185    0.1499         0    0.1917       369      1088    0.7726    0.6945    0.6873    0.2407   0.07427    0.4892         0
   180/399     4.59G   0.04068    0.1471         0    0.1878       181      1504    0.7293    0.6995    0.6663    0.2251   0.07506    0.4896         0
   181/399     4.59G   0.04298    0.1839         0    0.2269        88      1472    0.7293    0.6995    0.6663    0.2251   0.07506    0.4895         0
   182/399     4.59G   0.04321    0.1608         0     0.204       125       544    0.7422    0.6978    0.6711    0.2309   0.07443    0.4907         0
   183/399     4.59G   0.04423    0.1679         0    0.2121       147       736    0.7545    0.6826      0.67      0.23   0.07422    0.4947         0
   184/399     4.59G   0.04175    0.1649         0    0.2067       121      1056    0.7416    0.6761    0.6674    0.2342   0.07437    0.4923         0
   185/399     4.59G   0.04229    0.1872         0    0.2295       361       640    0.6678    0.6895    0.6435    0.2182   0.07644    0.5044         0
   186/399     4.59G    0.0428    0.1598         0    0.2026       456       608    0.6678    0.6895    0.6435    0.2182   0.07644    0.5045         0
   187/399     4.59G   0.04383    0.1955         0    0.2393       312      1472    0.6397    0.6694    0.6123    0.2053   0.07752    0.5115         0
   188/399     4.59G   0.04144    0.1667         0    0.2082       286      1504    0.6688    0.6338    0.6114    0.2098   0.07724    0.5145         0
   189/399     4.59G   0.04242    0.1445         0    0.1869        94      1216    0.7394     0.649     0.661    0.2369   0.07483    0.5057         0
   190/399     4.59G   0.04102     0.174         0     0.215       123       704    0.7394    0.6773    0.6772    0.2432   0.07349    0.4957         0
   191/399     4.59G   0.04188    0.1955         0    0.2374       302      1248    0.7394    0.6773    0.6772    0.2432   0.07349    0.4956         0
   192/399     4.59G   0.04252    0.1711         0    0.2137       136      1504    0.7535    0.6811    0.6893    0.2443   0.07299    0.4915         0
   193/399     4.59G   0.04022    0.1776         0    0.2178        84       576    0.7419    0.6728    0.6758    0.2392   0.07304    0.4921         0
   194/399     4.59G   0.04502    0.2134         0    0.2584       262       832    0.7049    0.6544    0.6514    0.2263   0.07412    0.4912         0
   195/399     4.59G   0.04246    0.1725         0    0.2149       590      1024    0.7534    0.6527    0.6744    0.2353   0.07416    0.4969         0
   196/399     4.59G   0.04184    0.1794         0    0.2212       173      1280    0.7142    0.6591    0.6488    0.2389   0.07452    0.4973         0
   197/399     4.59G   0.04064     0.124         0    0.1646       100      1184    0.7142    0.6591    0.6488    0.2389   0.07452    0.4973         0
   198/399     4.59G   0.04121    0.1779         0    0.2192       155       896    0.6937    0.6544    0.6422    0.2352   0.07518     0.505         0
   199/399     4.59G   0.04322    0.1813         0    0.2245       277       512    0.6788    0.6678    0.6417    0.2322    0.0758    0.5116         0
   200/399     4.59G   0.04155    0.2064         0     0.248       117       896       0.7    0.6594    0.6524    0.2393   0.07484    0.5074         0
   201/399     4.59G    0.0419    0.1942         0    0.2361        96       768    0.6994    0.6745    0.6614      0.24   0.07482    0.5054         0
   202/399     4.59G   0.04137    0.1532         0    0.1946       507      1056    0.6994    0.6745    0.6614      0.24   0.07482    0.5054         0
   203/399     4.59G   0.04243    0.1496         0     0.192       328      1312    0.6948    0.6778    0.6567    0.2304    0.0751    0.5067         0
   204/399     4.59G    0.0414    0.1723         0    0.2137       243       896    0.6985    0.6678    0.6504    0.2292   0.07493    0.5066         0
   205/399     4.59G   0.04354    0.1671         0    0.2106       167       608    0.7255    0.6778     0.671    0.2368   0.07406    0.5083         0
   206/399     4.59G   0.04067    0.1572         0    0.1979       146      1312    0.7271    0.7028    0.6884     0.248   0.07349    0.5094         0
   207/399     4.59G    0.0417    0.1235         0    0.1652       193      1024    0.7271    0.7028    0.6884     0.248   0.07349    0.5095         0
   208/399     4.59G   0.04171    0.1795         0    0.2212       298       608    0.7745    0.6828    0.7044      0.25   0.07333    0.5126         0
   209/399     4.59G   0.04197    0.1538         0    0.1958       124       832    0.7559    0.6875    0.6878    0.2476   0.07361    0.5169         0
   210/399     4.59G   0.04066    0.1703         0     0.211       144       544    0.7713    0.6544     0.672    0.2435   0.07395    0.5189         0
   211/399     4.59G   0.04065    0.1612         0    0.2018       206      1472     0.721    0.6859    0.6547    0.2353   0.07477    0.5224         0
   212/399     4.59G   0.04162    0.2257         0    0.2674       278      1184    0.7378    0.6778    0.6714    0.2421   0.07488    0.5234         0
   213/399     4.59G   0.04229    0.1647         0     0.207        94       800    0.7378    0.6778    0.6714    0.2421   0.07488    0.5234         0
   214/399     4.59G   0.04123    0.2036         0    0.2448       268       960    0.7259    0.6677    0.6572    0.2377    0.0752    0.5263         0
   215/399     4.59G   0.04319    0.1809         0    0.2241       343       544    0.6968    0.6845    0.6492    0.2418   0.07483    0.5245         0
   216/399     4.59G   0.04172     0.122         0    0.1637       173      1472    0.7303    0.6945    0.6794    0.2493   0.07366    0.5227         0
   217/399     4.59G   0.04151    0.1494         0    0.1909       184      1024    0.7179    0.6978    0.6714    0.2431   0.07389    0.5206         0
   218/399     4.59G   0.04276    0.1761         0    0.2189       293      1280    0.7179    0.6978    0.6714    0.2431   0.07389    0.5206         0
   219/399     4.59G   0.04161     0.197         0    0.2386       556      1216    0.7052    0.6988     0.661    0.2331    0.0741    0.5205         0
   220/399     4.59G   0.04133    0.1243         0    0.1657       152      1376    0.7052    0.6795    0.6474    0.2298    0.0741    0.5183         0
   221/399     4.59G   0.04098    0.1656         0    0.2066        69       736    0.6967    0.6827    0.6583    0.2373   0.07369    0.5126         0
   222/399     4.59G   0.04215    0.1276         0    0.1698       144      1216    0.7062    0.6745    0.6544    0.2375   0.07339    0.5126         0
   223/399     4.59G   0.04165    0.1613         0     0.203       222      1184    0.7062    0.6745    0.6544    0.2375   0.07339    0.5126         0
   224/399     4.59G   0.04105    0.2194         0    0.2605       260      1056    0.7095    0.6694    0.6494    0.2379   0.07326    0.5116         0
   225/399     4.59G   0.04065    0.1405         0    0.1811       252      1152    0.6936    0.6861    0.6478    0.2402   0.07316      0.51         0
   226/399     4.59G   0.04103    0.2121         0    0.2531        85       608    0.6779    0.6571    0.6039    0.2164   0.07452    0.5125         0
   227/399     4.59G   0.04154    0.1861         0    0.2277       159       800    0.6948    0.6811    0.6488    0.2358   0.07382    0.5165         0
   228/399     4.59G   0.04243    0.1431         0    0.1856        92      1440      0.72    0.7429    0.7132    0.2637    0.0724    0.5155         0
   229/399     4.59G     0.043    0.1559         0    0.1989       373      1280      0.72    0.7429    0.7132    0.2637    0.0724    0.5154         0
   230/399     4.59G   0.04001     0.177         0     0.217       383       960    0.7713    0.7208    0.7382    0.2725    0.0721    0.5203         0
   231/399     4.59G   0.04206    0.2355         0    0.2775       155      1280    0.7642    0.6978    0.7107    0.2637   0.07298    0.5231         0
   232/399     4.59G   0.04241    0.1738         0    0.2162       273      1120    0.7571    0.6611    0.6799    0.2492    0.0738    0.5239         0
   233/399     4.59G   0.04154    0.1821         0    0.2237        58      1120    0.7155    0.7112    0.6733    0.2475   0.07355    0.5202         0
   234/399     4.59G   0.04046     0.163         0    0.2035       111      1024    0.7155    0.7112    0.6733    0.2475   0.07355    0.5202         0
   235/399     4.59G   0.04353    0.1574         0     0.201       561      1408    0.7284    0.6945    0.6736    0.2464   0.07344     0.521         0
   236/399     4.59G   0.04011    0.1647         0    0.2048       315      1024    0.7632    0.6727    0.6741    0.2455   0.07321    0.5178         0
   237/399     4.59G   0.04165    0.1416         0    0.1832       123      1312     0.742    0.7129    0.6987    0.2565   0.07238    0.5142         0
   238/399     4.59G   0.04015    0.1615         0    0.2016       144       544    0.7503    0.6921    0.6936    0.2536   0.07275    0.5138         0
   239/399     4.59G   0.04287    0.1602         0     0.203       102      1248    0.7503    0.6921    0.6936    0.2536   0.07275    0.5137         0
   240/399      4.6G   0.04093    0.1399         0    0.1808       216      1216    0.7291    0.7055     0.689    0.2522   0.07308     0.515         0
   241/399      4.6G   0.04154    0.1629         0    0.2044        93      1088    0.7239     0.709     0.685    0.2518   0.07316    0.5167         0
   242/399      4.6G   0.04194    0.1647         0    0.2067       320       832    0.7081    0.7229    0.6767    0.2485   0.07337    0.5155         0
   243/399      4.6G   0.04127    0.1847         0     0.226       622      1376    0.7235    0.7212     0.688    0.2566   0.07301    0.5159         0
   244/399      4.6G   0.04091    0.1195         0    0.1605       125      1088     0.731    0.7077    0.6939    0.2611   0.07269    0.5195         0
   245/399      4.6G   0.04068     0.163         0    0.2037       172      1152     0.731    0.7077    0.6939    0.2611   0.07269    0.5195         0
   246/399      4.6G   0.04104    0.2105         0    0.2515       334       992     0.731    0.6995    0.6856    0.2554   0.07329    0.5233         0
   247/399      4.6G   0.04038    0.1907         0    0.2311       187       576    0.7287    0.7045    0.6893    0.2551   0.07326    0.5212         0
   248/399      4.6G   0.04184    0.1672         0     0.209       480       928    0.7189    0.6945    0.6739    0.2503   0.07372    0.5215         0
   249/399      4.6G   0.04127    0.1759         0    0.2171       320       512    0.7391    0.6962    0.6868    0.2568    0.0729    0.5228         0
   250/399      4.6G   0.04041    0.1747         0    0.2151       207      1472    0.7391    0.6962    0.6868    0.2568    0.0729    0.5228         0
   251/399      4.6G    0.0418    0.1899         0    0.2317       612       704    0.7269    0.6962    0.6881    0.2569   0.07286    0.5227         0
   252/399      4.6G   0.04127     0.174         0    0.2153       187       864    0.7134    0.6945    0.6803    0.2519   0.07324    0.5218         0
   253/399      4.6G   0.04322    0.1739         0    0.2172       501      1024    0.7354    0.6694     0.672    0.2457   0.07364    0.5237         0
   254/399      4.6G   0.04179    0.1927         0    0.2345       527       704    0.7261    0.6644    0.6631    0.2488   0.07374    0.5272         0
   255/399      4.6G    0.0413    0.1698         0    0.2111       201      1024    0.7261    0.6644    0.6631    0.2488   0.07374    0.5271         0
   256/399      4.6G   0.03955    0.1346         0    0.1742       209      1056    0.7163    0.6661    0.6577    0.2465   0.07402    0.5292         0
   257/399      4.6G     0.041    0.1607         0    0.2017       359      1440    0.7011    0.6711    0.6491    0.2406   0.07436    0.5314         0
   258/399      4.6G    0.0412    0.1611         0    0.2023       369      1376    0.7035    0.6693    0.6448    0.2415   0.07414    0.5305         0
   259/399      4.6G   0.04007    0.1559         0    0.1959       140      1376    0.7151    0.6845    0.6642    0.2457   0.07365    0.5299         0
   260/399      4.6G   0.03884    0.1427         0    0.1815       355      1408    0.7227    0.6787    0.6754    0.2484   0.07328    0.5307         0
   261/399      4.6G    0.0427    0.1752         0     0.218       137       512    0.7227    0.6787    0.6754    0.2484   0.07328    0.5307         0
   262/399      4.6G    0.0426    0.2136         0    0.2562       160       640    0.7126    0.6895    0.6725    0.2499   0.07326    0.5325         0
   263/399      4.6G   0.04164    0.1556         0    0.1973       301       800    0.7384    0.6738    0.6794    0.2494   0.07333    0.5341         0
   264/399      4.6G   0.04046    0.1308         0    0.1712        46       960    0.7679    0.6477    0.6832    0.2451   0.07363    0.5349         0
   265/399      4.6G   0.04033    0.1869         0    0.2272       463      1248    0.7495    0.6494     0.662    0.2407   0.07405    0.5325         0
   266/399      4.6G   0.04138    0.1604         0    0.2018       182       960    0.7495    0.6494     0.662    0.2407   0.07405    0.5325         0
   267/399      4.6G   0.04047     0.182         0    0.2225       169       608    0.7358    0.6371    0.6378    0.2352   0.07441    0.5324         0
   268/399      4.6G   0.04165    0.1508         0    0.1925       204       608    0.7271    0.6316    0.6305    0.2345   0.07457    0.5316         0
   269/399      4.6G   0.04178    0.1786         0    0.2204       210       512    0.7166    0.6461    0.6392    0.2398   0.07419    0.5321         0
   270/399      4.6G   0.04005    0.1788         0    0.2189       260      1280    0.7504    0.6795    0.6916    0.2573   0.07331    0.5313         0
   271/399      4.6G   0.03985    0.1588         0    0.1987       217       896    0.7504    0.6795    0.6916    0.2573   0.07331    0.5312         0
   272/399      4.6G   0.04055    0.1296         0    0.1701       132       576    0.7414    0.6811    0.6898    0.2603   0.07313    0.5328         0
   273/399      4.6G   0.03897    0.1612         0    0.2002       171       896    0.7441    0.6895    0.7031    0.2636   0.07296    0.5341         0
   274/399      4.6G   0.04164    0.1882         0    0.2298       316      1408    0.7234    0.7078    0.6981    0.2623   0.07287    0.5295         0
   275/399      4.6G   0.04221    0.1933         0    0.2355        87      1440    0.7409    0.6795    0.6857    0.2595   0.07374    0.5299         0
   276/399      4.6G    0.0409    0.1814         0    0.2223       334       576    0.7214    0.6711    0.6691    0.2527   0.07417    0.5321         0
   277/399      4.6G   0.03988    0.1456         0    0.1854       127       800    0.7214    0.6711    0.6691    0.2527   0.07417    0.5322         0
   278/399      4.6G   0.04063    0.2142         0    0.2549       451       768    0.7171    0.6644    0.6607    0.2467   0.07429    0.5328         0
   279/399      4.6G   0.03863    0.1487         0    0.1873       169       768    0.7301    0.6368    0.6513    0.2405   0.07434    0.5323         0
   280/399      4.6G   0.04203    0.1846         0    0.2266       634       608    0.7225    0.6521    0.6566    0.2432    0.0739     0.531         0
   281/399      4.6G   0.04122    0.2019         0    0.2432       291       864    0.7336    0.6573    0.6629    0.2493   0.07332    0.5296         0
   282/399      4.6G   0.03981    0.1666         0    0.2064       419      1376    0.7336    0.6573    0.6629    0.2493   0.07332    0.5298         0
   283/399      4.6G   0.04142    0.1721         0    0.2135        39       640    0.7049    0.6745    0.6575     0.247   0.07324    0.5301         0
   284/399      4.6G   0.04105    0.1697         0    0.2108       844       736    0.7124    0.6728    0.6586    0.2514   0.07305    0.5288         0
   285/399      4.6G   0.04114    0.1951         0    0.2362       881      1120    0.7034    0.6928    0.6746    0.2536   0.07276     0.527         0
   286/399      4.6G   0.03931    0.1661         0    0.2054       405      1248    0.7366    0.6678    0.6793    0.2546   0.07267    0.5285         0
   287/399      4.6G    0.0401    0.1164         0    0.1565        92       864    0.7366    0.6678    0.6793    0.2546   0.07267    0.5286         0
   288/399      4.6G   0.03945    0.2389         0    0.2784       278       960    0.7188    0.6795    0.6773    0.2549   0.07254    0.5272         0
   289/399      4.6G   0.03925    0.1796         0    0.2189       169      1024    0.7298     0.681    0.6783    0.2586   0.07255    0.5265         0
   290/399      4.6G    0.0408    0.1527         0    0.1935        82      1472    0.7487    0.6778    0.6926    0.2573   0.07234    0.5279         0
   291/399      4.6G   0.04223    0.2434         0    0.2856       256       928    0.7169    0.6977    0.6783    0.2505   0.07258    0.5296         0
   292/399      4.6G   0.03894    0.1575         0    0.1964       412       640    0.7129    0.6756    0.6621    0.2477   0.07304      0.53         0
   293/399      4.6G   0.04179    0.1128         0    0.1545       123       512    0.7129    0.6756    0.6621    0.2477   0.07304      0.53         0
   294/399      4.6G   0.04107    0.1565         0    0.1975       108       608     0.684    0.6756    0.6443    0.2376   0.07361    0.5336         0
   295/399      4.6G   0.04134    0.1346         0    0.1759       159      1120    0.6754    0.6678    0.6312    0.2318   0.07398    0.5357         0
   296/399      4.6G   0.04262    0.1518         0    0.1944       364      1440    0.6777    0.6711    0.6364    0.2326   0.07402    0.5386         0
   297/399      4.6G   0.04062    0.1455         0    0.1861       406      1536    0.6629    0.6961    0.6492    0.2395   0.07366    0.5399         0
   298/399      4.6G    0.0418    0.1747         0    0.2165       225       640    0.6629    0.6961    0.6492    0.2395   0.07366    0.5399         0
   299/399      4.6G   0.03953    0.1692         0    0.2087      1082      1376    0.6868    0.6778    0.6582    0.2413   0.07346     0.539         0
   300/399      4.6G   0.04043     0.155         0    0.1955       126      1152    0.7168    0.6593     0.661    0.2432   0.07336    0.5386         0
   301/399      4.6G   0.03889    0.1375         0    0.1764       532      1536    0.6895    0.6858    0.6631    0.2419   0.07342    0.5385         0
   302/399      4.6G   0.03852    0.1921         0    0.2307       178      1024    0.7161    0.6611    0.6626    0.2418   0.07342     0.539         0
   303/399      4.6G   0.04059    0.2138         0    0.2544       389      1504    0.7161    0.6611    0.6626    0.2418   0.07342     0.539         0
   304/399      4.6G   0.04025    0.1535         0    0.1937       115      1376    0.7005    0.6678    0.6598    0.2403   0.07366    0.5375         0
   305/399      4.6G   0.04197    0.1738         0    0.2157       561      1440    0.6851    0.6792    0.6503     0.238   0.07357    0.5384         0
   306/399      4.6G   0.03992     0.169         0     0.209       450       640    0.7111    0.6544    0.6518    0.2357   0.07371    0.5402         0
   307/399      4.6G   0.04186    0.1293         0    0.1712       170       864    0.7091    0.6561    0.6539     0.239   0.07339    0.5399         0
   308/399      4.6G   0.04086    0.1408         0    0.1816       128      1536    0.7145    0.6644    0.6663    0.2419   0.07318    0.5392         0
   309/399      4.6G   0.03921    0.1561         0    0.1953       107       800    0.7145    0.6644    0.6663    0.2419   0.07318    0.5391         0
   310/399      4.6G   0.04032    0.1803         0    0.2207       156       640    0.7081    0.6642    0.6566    0.2426   0.07315    0.5376         0
   311/399      4.6G   0.03971    0.2037         0    0.2434       350      1216    0.7094    0.6602    0.6593    0.2465   0.07319    0.5362         0
   312/399      4.6G   0.04037    0.1787         0    0.2191       123       608    0.6929    0.6745    0.6637    0.2461    0.0733    0.5362         0
   313/399      4.6G   0.03895    0.1714         0    0.2104       208       800    0.6921    0.6761     0.661    0.2485   0.07338    0.5344         0
   314/399      4.6G   0.04038    0.2177         0    0.2581       240      1024    0.6921    0.6761     0.661    0.2485   0.07338    0.5344         0
   315/399      4.6G   0.03967     0.177         0    0.2167        80       704      0.69    0.6799    0.6667    0.2503   0.07348    0.5328         0
   316/399      4.6G    0.0398    0.1771         0    0.2169       405      1120    0.6948    0.6694    0.6588    0.2467   0.07359    0.5336         0
   317/399      4.6G   0.04149    0.2049         0    0.2464       523       512    0.6971    0.6761    0.6611    0.2481   0.07342    0.5356         0
   318/399      4.6G   0.04233    0.1341         0    0.1764       103      1248    0.6999    0.6774    0.6609     0.247   0.07328    0.5387         0
   319/399      4.6G   0.03996    0.1353         0    0.1753        77      1408    0.6999    0.6774    0.6609     0.247   0.07328    0.5385         0
   320/399      4.6G   0.04186    0.1849         0    0.2268       138       704    0.7052    0.6789    0.6656     0.249   0.07313    0.5389         0
   321/399      4.6G   0.04085    0.1474         0    0.1883       304      1120    0.7051    0.6878    0.6672    0.2486   0.07319     0.538         0
   322/399      4.6G   0.04007    0.2262         0    0.2663       231       672    0.7148    0.6628     0.664    0.2473   0.07327    0.5378         0
   323/399      4.6G   0.04049    0.1621         0    0.2026       184      1088    0.6948    0.6778    0.6553     0.248   0.07349    0.5374         0
   324/399      4.6G    0.0423    0.1795         0    0.2218       217       608     0.682    0.6811    0.6505    0.2466   0.07341     0.539         0
   325/399      4.6G   0.04276    0.1773         0    0.2201       621      1152     0.682    0.6811    0.6505    0.2466   0.07341     0.539         0
   326/399      4.6G   0.03895    0.1722         0    0.2111       140      1440    0.7184     0.639    0.6462    0.2447   0.07343    0.5377         0
   327/399      4.6G   0.04136     0.198         0    0.2393       143       576    0.7135    0.6444    0.6491    0.2439   0.07347    0.5362         0
   328/399      4.6G   0.04018    0.1812         0    0.2213        77      1024    0.7132    0.6393    0.6482    0.2433   0.07343    0.5344         0
   329/399      4.6G   0.04259    0.1726         0    0.2152        65       672    0.7195    0.6494    0.6526    0.2459    0.0733    0.5343         0
   330/399      4.6G   0.04151    0.1665         0     0.208        85       544    0.7195    0.6494    0.6526    0.2459    0.0733    0.5344         0
   331/399      4.6G   0.03904    0.1555         0    0.1945       211      1120    0.7262    0.6427    0.6568     0.248   0.07315    0.5371         0
   332/399      4.6G   0.04236    0.1238         0    0.1662       237       768    0.6766    0.6778    0.6517    0.2464   0.07309    0.5387         0
   333/399      4.6G   0.04128    0.1306         0    0.1719        37       800    0.6777    0.6811    0.6531    0.2446   0.07292    0.5382         0
   334/399      4.6G   0.04013    0.1761         0    0.2162       673       512    0.6934     0.672    0.6549    0.2466   0.07291    0.5384         0
   335/399      4.6G   0.03985    0.1315         0    0.1714        78      1152    0.6934     0.672    0.6549    0.2466   0.07291    0.5385         0
   336/399      4.6G   0.04059    0.1681         0    0.2087       380       608    0.6935    0.6745    0.6588    0.2488   0.07274     0.538         0
   337/399      4.6G   0.04002    0.1622         0    0.2022       155      1312    0.7106    0.6639    0.6625     0.249   0.07268    0.5382         0
   338/399      4.6G   0.03995    0.1706         0    0.2106       344       928    0.7141    0.6678    0.6651    0.2496   0.07259    0.5367         0
   339/399      4.6G   0.03956    0.1383         0    0.1779       208      1504    0.7334    0.6494    0.6654    0.2515   0.07258    0.5381         0
   340/399      4.6G   0.04077    0.1858         0    0.2265       576      1504    0.7348    0.6528    0.6681    0.2502   0.07284    0.5387         0
   341/399      4.6G   0.03984    0.1601         0       0.2       472      1376    0.7348    0.6528    0.6681    0.2502   0.07284    0.5387         0
   342/399      4.6G    0.0386    0.1951         0    0.2337       263       640    0.7047    0.6694    0.6649    0.2496   0.07286    0.5383         0
   343/399      4.6G   0.04108    0.1428         0    0.1838       580       672       0.7    0.6739    0.6636    0.2503   0.07287      0.54         0
   344/399      4.6G   0.03759    0.1616         0    0.1992       195      1248    0.6871    0.6828    0.6632     0.251   0.07284    0.5399         0
   345/399      4.6G    0.0401    0.1039         0     0.144       229      1280    0.7082    0.6524    0.6559    0.2485   0.07296    0.5415         0
   346/399      4.6G   0.03889    0.2412         0    0.2801       180       576    0.7082    0.6524    0.6559    0.2485   0.07296    0.5415         0
   347/399      4.6G    0.0408      0.17         0    0.2108        17      1536    0.7257    0.6511    0.6643    0.2487   0.07312    0.5417         0
   348/399      4.6G   0.03898    0.1532         0    0.1922       148       928    0.6811    0.6773    0.6585    0.2473    0.0732     0.544         0
   349/399      4.6G    0.0396    0.1267         0    0.1663       136       704    0.6868    0.6745    0.6595    0.2469   0.07316    0.5454         0
   350/399      4.6G   0.03991    0.1219         0    0.1618       225      1408    0.7037    0.6628    0.6567    0.2473   0.07318    0.5463         0
   351/399      4.6G   0.04232    0.1525         0    0.1948       128       544    0.7037    0.6628    0.6567    0.2473   0.07318    0.5463         0
   352/399      4.6G   0.03832    0.1595         0    0.1979       204      1248    0.6809    0.6805    0.6535    0.2447   0.07319    0.5472         0
   353/399      4.6G   0.04076    0.1424         0    0.1831       115       896    0.6964    0.6644    0.6561    0.2429   0.07322    0.5466         0
   354/399      4.6G    0.0409    0.1514         0    0.1923       211      1216    0.6884    0.6728    0.6578    0.2445   0.07306    0.5469         0
   355/399      4.6G   0.03877    0.1764         0    0.2151       192       512    0.7109    0.6494    0.6567    0.2439   0.07306    0.5467         0
   356/399      4.6G   0.03959      0.21         0    0.2496        98       800    0.6855    0.6795    0.6633    0.2489   0.07299    0.5426         0
   357/399      4.6G   0.03998    0.1998         0    0.2398       403      1088    0.6855    0.6795    0.6633    0.2489   0.07299    0.5428         0
   358/399      4.6G   0.04124    0.1599         0    0.2011       110      1056    0.6741    0.6803    0.6544     0.246   0.07311    0.5439         0
   359/399      4.6G   0.04098     0.192         0    0.2329       152       576    0.6974    0.6619    0.6558    0.2481   0.07302    0.5465         0
   360/399      4.6G   0.03985    0.1482         0    0.1881       173       672    0.6967    0.6511    0.6536    0.2463   0.07307    0.5483         0
   361/399      4.6G   0.03997    0.1416         0    0.1816       104       992    0.6892    0.6627    0.6532    0.2468   0.07294    0.5477         0
   362/399      4.6G   0.03864    0.1631         0    0.2017        84       928    0.6892    0.6627    0.6532    0.2468   0.07294    0.5477         0
   363/399      4.6G   0.04147    0.1232         0    0.1647        56      1472    0.7384    0.6177    0.6524    0.2463   0.07284    0.5478         0
   364/399      4.6G   0.04007    0.1306         0    0.1706       298       896    0.6963    0.6561     0.652    0.2451   0.07296    0.5495         0
   365/399      4.6G   0.03849    0.1543         0    0.1928       319      1440     0.692    0.6527    0.6475    0.2448   0.07296      0.55         0
   366/399      4.6G   0.03771    0.1327         0    0.1704       349      1184    0.6969    0.6494    0.6491    0.2423   0.07306    0.5491         0
   367/399      4.6G   0.04112    0.1838         0    0.2249        79       768    0.6969    0.6494    0.6491    0.2423   0.07306    0.5492         0
   368/399      4.6G   0.03964    0.1303         0    0.1699       161       512    0.7069    0.6444    0.6485    0.2408    0.0734    0.5493         0
   369/399      4.6G   0.03926    0.1874         0    0.2267       241       608     0.678    0.6644    0.6447    0.2401   0.07328    0.5506         0
   370/399      4.6G   0.03993    0.1616         0    0.2015        87       960    0.6918    0.6556    0.6435    0.2368    0.0735    0.5514         0
   371/399      4.6G   0.03959    0.1591         0    0.1987       201      1184    0.6959    0.6461    0.6461      0.24   0.07341    0.5515         0
   372/399      4.6G   0.04003    0.1395         0    0.1795       258       672    0.6757    0.6644    0.6452    0.2418    0.0733    0.5501         0
   373/399      4.6G   0.04199    0.1644         0    0.2064       129      1376    0.6757    0.6644    0.6452    0.2418    0.0733      0.55         0
   374/399      4.6G    0.0389    0.1814         0    0.2203       596       960    0.6898    0.6561    0.6482    0.2429   0.07299    0.5498         0
   375/399      4.6G   0.04041    0.1411         0    0.1816       621      1024    0.6791    0.6678    0.6472    0.2417   0.07312    0.5502         0
   376/399      4.6G   0.04167    0.1848         0    0.2265        71      1344    0.6958    0.6493    0.6457    0.2413   0.07307    0.5517         0
   377/399      4.6G   0.04096     0.138         0     0.179       677      1216    0.6915    0.6528     0.645    0.2429   0.07307    0.5537         0
   378/399      4.6G    0.0394    0.1832         0    0.2226       156      1472    0.6915    0.6528     0.645    0.2429   0.07307    0.5538         0
   379/399      4.6G   0.04173    0.1745         0    0.2162       707       672    0.6926    0.6507    0.6469     0.243    0.0731    0.5518         0
   380/399      4.6G   0.04001    0.1636         0    0.2037       572      1120     0.663    0.6778    0.6505    0.2447   0.07297    0.5511         0
   381/399      4.6G   0.04166    0.1924         0    0.2341        65       512    0.7228    0.6224    0.6493    0.2456   0.07299      0.55         0
   382/399      4.6G   0.04124     0.178         0    0.2192       430      1504    0.6978    0.6528    0.6538    0.2457   0.07307    0.5492         0
   383/399      4.6G   0.03976    0.1553         0     0.195       503      1408    0.6978    0.6528    0.6538    0.2457   0.07307    0.5492         0
   384/399      4.6G   0.03834    0.1733         0    0.2116       388       672    0.6889    0.6692    0.6548    0.2458     0.073     0.549         0
   385/399      4.6G   0.04101     0.196         0     0.237       166      1184    0.6816    0.6761    0.6546    0.2439   0.07283     0.547         0
   386/399      4.6G   0.04042     0.186         0    0.2264        67      1024    0.6875    0.6758    0.6559     0.244   0.07288    0.5456         0
   387/399      4.6G   0.04055    0.1867         0    0.2273       144       928    0.6842    0.6811    0.6576    0.2448   0.07312    0.5468         0
   388/399      4.6G   0.04012    0.1745         0    0.2146       691       672    0.6831    0.6694     0.655    0.2439   0.07327    0.5473         0
   389/399      4.6G    0.0416    0.1764         0     0.218       225      1376    0.6831    0.6694     0.655    0.2439   0.07327    0.5472         0
   390/399      4.6G   0.04082    0.1621         0     0.203       103       800    0.6813    0.6711     0.649    0.2413   0.07334    0.5485         0
   391/399      4.6G     0.039    0.1587         0    0.1977       246       928     0.676    0.6793    0.6521    0.2435   0.07329    0.5483         0
   392/399      4.6G   0.03974    0.1234         0    0.1632       152       864    0.6855    0.6594    0.6413    0.2385   0.07348    0.5488         0
   393/399      4.6G   0.04152    0.1442         0    0.1857        74      1312    0.6892    0.6611    0.6498    0.2414    0.0733    0.5502         0
   394/399      4.6G   0.04042    0.1269         0    0.1674       143      1408    0.6892    0.6611    0.6498    0.2414    0.0733    0.5502         0
   395/399      4.6G   0.03996    0.1446         0    0.1845       104       768    0.6898    0.6578    0.6453    0.2392   0.07341    0.5515         0
   396/399      4.6G   0.04068    0.1435         0    0.1842        81       640    0.6892    0.6561    0.6444    0.2382   0.07342    0.5531         0
   397/399      4.6G   0.04093    0.1626         0    0.2035       281      1280    0.6905    0.6594    0.6486    0.2397   0.07344    0.5512         0
   398/399      4.6G   0.04036    0.1858         0    0.2261       286       896    0.6909    0.6611    0.6486    0.2407    0.0735    0.5504         0
   399/399      4.6G   0.03871    0.1562         0    0.1949       274       896    0.6909    0.6611    0.6486    0.2407    0.0735    0.5502         0
